0 0.7675925925925926 0.553515625 0.275 0.1346354166666666
1 0.7800925925925926 0.3901041666666667 0.1805555555555555 0.0796874999999999
3 0.5337962962962963 0.3876302083333333 0.0944444444444444 0.0591145833333333
3 0.5356481481481481 0.4895833333333333 0.1018518518518518 0.0598958333333333
6 0.6784722222222221 0.1657552083333333 0.2152777777777778 0.0658854166666666
7 0.5321759259259259 0.6908854166666667 0.2347222222222222 0.1161458333333332
8 0.5303240740740741 0.4152343749999998 0.1578703703703703 0.0549479166666664
8 0.53125 0.5151041666666667 0.1662037037037036 0.0541666666666666
9 0.8537037037037036 0.1342447916666666 0.047222222222222 0.0403645833333333
5 0.2388888888888887 0.5432291666666667 0.3416666666666667 0.2124999999999999
