0 0.7685185185185185 0.5609375000000001 0.2907407407407407 0.1458333333333333
1 0.7747685185185185 0.3915364583333333 0.1875 0.0846354166666666
2 0.8245370370370371 0.2425781249999999 0.1435185185185185 0.06796875
3 0.5331018518518518 0.3891927083333333 0.0930555555555555 0.0559895833333333
3 0.5287037037037037 0.4924479166666666 0.1018518518518518 0.0598958333333332
6 0.6967592592592593 0.1701822916666666 0.2629629629629629 0.0611979166666666
7 0.5224537037037037 0.6864583333333333 0.2189814814814814 0.125
8 0.5287037037037037 0.4177083333333333 0.1435185185185185 0.05625
8 0.5381944444444444 0.5180989583333333 0.1699074074074074 0.0481770833333332
9 0.763425925925926 0.2100260416666666 0.0527777777777778 0.0325520833333332
5 0.2344907407407407 0.544140625 0.3254629629629629 0.22057291666666634
