0 0.7773148148148148 0.5544270833333333 0.3009259259259259 0.1604166666666666
1 0.7789351851851851 0.3954427083333333 0.1995370370370369 0.0768229166666666
2 0.7817129629629629 0.2661458333333333 0.1486111111111111 0.0697916666666666
3 0.5293981481481481 0.390625 0.0893518518518518 0.0572916666666666
3 0.5349537037037037 0.4910156249999999 0.1069444444444444 0.0611979166666666
6 0.6983796296296296 0.169140625 0.2523148148148149 0.0591145833333333
7 0.5425925925925926 0.6997395833333333 0.237962962962963 0.1317708333333332
8 0.5243055555555556 0.4186197916666666 0.148611111111111 0.0481770833333333
8 0.53125 0.5151041666666667 0.1625 0.0598958333333333
9 0.7388888888888889 0.2263020833333333 0.0453703703703703 0.0177083333333333
5 0.23449074074074072 0.54609375 0.3467592592592592 0.2046874999999999
