0 0.7641203703703704 0.5604166666666667 0.2958333333333334 0.1583333333333332
1 0.7789351851851851 0.3934895833333333 0.2032407407407407 0.0786458333333333
2 0.7791666666666667 0.2578125 0.1472222222222221 0.0729166666666666
3 0.5293981481481481 0.390625 0.0856481481481481 0.0552083333333333
3 0.5340277777777778 0.4924479166666666 0.1013888888888889 0.0598958333333332
6 0.6958333333333333 0.169140625 0.261111111111111 0.0669270833333333
7 0.5293981481481482 0.6889322916666667 0.250462962962963 0.1278645833333332
8 0.5296296296296297 0.5122395833333333 0.1768518518518518 0.0520833333333332
8 0.5217592592592593 0.4093749999999999 0.1435185185185185 0.0510416666666665
9 0.7361111111111112 0.2217447916666666 0.0435185185185185 0.0226562499999999
5 0.2317129629629629 0.5412760416666667 0.3486111111111111 0.21848958333333313
