0 0.7738425925925927 0.5545572916666667 0.3254629629629629 0.1486979166666666
1 0.7766203703703703 0.3881510416666667 0.2013888888888888 0.0736979166666666
2 0.7467592592592591 0.2626302083333333 0.1453703703703702 0.0690104166666665
3 0.5331018518518519 0.390625 0.0995370370370369 0.0609374999999999
3 0.5372685185185185 0.4880208333333332 0.1050925925925925 0.0552083333333332
6 0.5787037037037037 0.161328125 0.1907407407407407 0.0690104166666666
7 0.5217592592592593 0.686328125 0.2277777777777778 0.12109375
8 0.5252314814814815 0.415234375 0.1504629629629629 0.0492187499999999
8 0.5340277777777778 0.5111979166666667 0.1717592592592593 0.0541666666666666
9 0.3694444444444444 0.26015625 0.0453703703703703 0.0364583333333333
5 0.2319444444444444 0.5372395833333333 0.3833333333333333 0.2124999999999999
