0 0.767824074074074 0.5485677083333333 0.2782407407407408 0.1486979166666666
1 0.7800925925925926 0.3979166666666667 0.212037037037037 0.0817708333333331
2 0.2083333333333333 0.2381510416666666 0.1120370370370368 0.04921875
2 0.7483796296296297 0.2587239583333333 0.1560185185185183 0.0710937499999999
3 0.5284722222222222 0.390625 0.1050925925925925 0.0588541666666666
3 0.53125 0.4869791666666666 0.1032407407407407 0.053125
6 0.5828703703703704 0.1583333333333333 0.2138888888888888 0.0708333333333333
7 0.5296296296296297 0.6923177083333334 0.2046296296296296 0.1268229166666666
8 0.5252314814814815 0.416796875 0.1365740740740741 0.0502604166666666
8 0.5356481481481482 0.515234375 0.1712962962962963 0.0580729166666666
9 0.4365740740740741 0.22578125 0.0472222222222222 0.0385416666666666
5 0.23356481481481456 0.5328125 0.3486111111111111 0.19999999999999996
