0 0.775462962962963 0.5510416666666667 0.2731481481481482 0.14375
1 0.7842592592592592 0.39609375 0.1925925925925925 0.0916666666666666
2 0.3009259259259259 0.2041666666666666 0.1259259259259259 0.0640625
2 0.7527777777777778 0.2596354166666667 0.1611111111111111 0.0708333333333333
3 0.5356481481481481 0.3897135416666666 0.0944444444444444 0.0570312499999999
3 0.5365740740740741 0.4915364583333333 0.0999999999999999 0.0658854166666667
6 0.6013888888888889 0.161328125 0.2435185185185184 0.0611979166666666
7 0.5314814814814814 0.68984375 0.2259259259259259 0.1218749999999999
8 0.5259259259259259 0.415234375 0.1314814814814814 0.0513020833333333
8 0.5347222222222222 0.5092447916666667 0.149074074074074 0.0638020833333333
9 0.4418981481481481 0.2287760416666666 0.0680555555555555 0.0403645833333333
5 0.2335648148148148 0.549609375 0.3523148148148148 0.22526041666666652
