0 0.7782407407407408 0.5486979166666667 0.3101851851851852 0.1526041666666666
1 0.7738425925925926 0.3936197916666666 0.1930555555555555 0.0867187499999999
2 0.7467592592592593 0.265625 0.1555555555555554 0.0708333333333333
3 0.5349537037037037 0.4880208333333333 0.1032407407407405 0.0609374999999999
3 0.5340277777777778 0.3881510416666667 0.0912037037037036 0.0523437499999999
6 0.5891203703703703 0.1627604166666666 0.1837962962962962 0.0598958333333333
7 0.530324074074074 0.6927083333333333 0.2171296296296295 0.1338541666666667
8 0.5293981481481481 0.4127604166666666 0.1523148148148148 0.0520833333333333
8 0.5337962962962963 0.51171875 0.1611111111111111 0.0651041666666666
9 0.3719907407407407 0.2611979166666667 0.0504629629629629 0.0343749999999999
5 0.24212962962962964 0.5490885416666667 0.3379629629629629 0.21276041666666673
