0 0.7641203703703703 0.548046875 0.2819444444444444 0.1377604166666666
1 0.7932870370370371 0.40390625 0.1856481481481481 0.0838541666666666
2 0.7476851851851851 0.2635416666666667 0.1648148148148148 0.0807291666666665
2 0.1932870370370369 0.2227864583333333 0.1347222222222221 0.0481770833333333
3 0.5277777777777778 0.388671875 0.0999999999999999 0.0549479166666666
3 0.5340277777777778 0.4876302083333333 0.1050925925925925 0.0580729166666666
6 0.6023148148148149 0.16328125 0.2694444444444444 0.0630208333333333
7 0.5155092592592593 0.6779947916666667 0.2328703703703703 0.1257812499999999
8 0.5261574074074074 0.4162760416666666 0.1384259259259259 0.0513020833333333
8 0.5356481481481481 0.5121093750000001 0.1648148148148148 0.06796875
9 0.44375 0.2266927083333333 0.0541666666666666 0.0424479166666666
5 0.2537037037037037 0.54765625 0.35 0.22343750000000007
