0 0.7738425925925926 0.5608072916666667 0.2800925925925925 0.1731770833333332
1 0.7842592592592592 0.3930989583333333 0.1749999999999999 0.0658854166666666
2 0.750925925925926 0.2611979166666667 0.1435185185185185 0.0677083333333332
2 0.2590277777777778 0.2247395833333333 0.1365740740740741 0.0640625
3 0.5375 0.390625 0.0981481481481481 0.0552083333333333
3 0.5375 0.491015625 0.1083333333333333 0.0591145833333333
6 0.5837962962962964 0.165234375 0.1555555555555555 0.0611979166666666
7 0.532175925925926 0.6932291666666666 0.1893518518518517 0.0994791666666665
8 0.5270833333333333 0.4177083333333333 0.136574074074074 0.0463541666666666
8 0.5356481481481481 0.513671875 0.1574074074074073 0.0591145833333333
9 0.3719907407407407 0.258203125 0.0504629629629629 0.0403645833333333
5 0.23518518518518522 0.54375 0.3379629629629629 0.21354166666666652
