0 0.7747685185185185 0.5510416666666667 0.2921296296296296 0.1458333333333332
1 0.7798611111111111 0.3954427083333333 0.1875 0.0846354166666666
2 0.2564814814814815 0.2528645833333333 0.0648148148148148 0.0651041666666666
2 0.7483796296296297 0.2627604166666666 0.1523148148148148 0.0708333333333333
3 0.5314814814814814 0.390234375 0.0962962962962962 0.0580729166666666
3 0.5400462962962963 0.4919270833333333 0.1032407407407407 0.0609374999999999
6 0.5935185185185186 0.1622395833333333 0.2555555555555556 0.0630208333333333
7 0.5233796296296296 0.69140625 0.2069444444444445 0.1072916666666665
8 0.5268518518518519 0.4143229166666666 0.1472222222222222 0.0531249999999999
8 0.5277777777777778 0.5131510416666667 0.1555555555555555 0.0622395833333333
9 0.436574074074074 0.22578125 0.0509259259259259 0.0421875
5 0.23356481481481467 0.5475260416666666 0.3310185185185185 0.21744791666666652
