0 0.7722222222222223 0.54375 0.2731481481481481 0.1348958333333333
1 0.7807870370370371 0.3930989583333333 0.1893518518518518 0.0856770833333332
2 0.7458333333333333 0.2622395833333333 0.1435185185185185 0.0697916666666666
2 0.2351851851851852 0.2514322916666666 0.1101851851851852 0.0658854166666666
3 0.5321759259259259 0.3876302083333333 0.0976851851851851 0.0513020833333333
3 0.538425925925926 0.4895833333333333 0.1101851851851852 0.0598958333333333
6 0.6064814814814815 0.1627604166666666 0.2611111111111111 0.0619791666666666
7 0.5270833333333333 0.687890625 0.199537037037037 0.1257812499999999
8 0.5277777777777778 0.4161458333333333 0.1490740740740741 0.0531249999999999
8 0.5400462962962963 0.5106770833333334 0.1597222222222222 0.0572916666666666
9 0.3763888888888889 0.2651041666666666 0.0527777777777778 0.0385416666666666
5 0.2335648148148148 0.5427083333333333 0.3449074074074074 0.21354166666666674
