0 0.7659722222222223 0.54375 0.3134259259259259 0.1526041666666666
1 0.7773148148148148 0.3930989583333333 0.1962962962962963 0.0835937499999999
2 0.2263888888888889 0.2459635416666666 0.1138888888888888 0.0549479166666666
2 0.7502314814814814 0.2631510416666666 0.1523148148148148 0.0799479166666666
3 0.5314814814814814 0.3890625 0.0962962962962962 0.0541666666666666
3 0.5347222222222222 0.4889322916666666 0.1 0.0669270833333333
6 0.617824074074074 0.1587239583333333 0.2662037037037036 0.0580729166666666
7 0.5287037037037037 0.6888020833333333 0.2138888888888889 0.116145833333333
8 0.5331018518518519 0.4171875 0.1523148148148148 0.0609374999999999
8 0.5321759259259259 0.5057291666666667 0.1930555555555554 0.0630208333333333
9 0.3710648148148148 0.2631510416666667 0.0458333333333333 0.0325520833333333
5 0.2222222222222222 0.5430989583333333 0.34351851851851856 0.2085937499999999
