3 0.525 0.3916666666666666 0.1120370370370369 0.0531249999999999
3 0.5375 0.4914062499999999 0.0981481481481481 0.0619791666666666
6 0.5997685185185185 0.1549479166666666 0.2504629629629629 0.0598958333333333
7 0.53125 0.6873697916666666 0.2152777777777777 0.1231770833333333
8 0.5293981481481481 0.4186197916666666 0.1560185185185185 0.0559895833333333
8 0.5349537037037038 0.5110677083333334 0.1523148148148148 0.0580729166666666
9 0.4263888888888889 0.2158854166666666 0.0472222222222222 0.0385416666666666
5 0.8553240740740741 0.396484375 0.2402777777777778 0.1101562499999999
5 0.6347222222222222 0.3341145833333333 0.17685185185185182 0.08177083333333318
5 0.6127314814814815 0.22864583333333327 0.15787037037037033 0.07187499999999988
5 0.3071759259259259 0.280859375 0.2782407407407407 0.10546875
5 0.2851851851851852 0.18346354166666662 0.12962962962962954 0.06588541666666661
5 0.2782407407407407 0.4373697916666667 0.2944444444444445 0.1841145833333333
