3 0.53125 0.392578125 0.099537037037037 0.0627604166666666
3 0.5391203703703704 0.4899739583333333 0.1087962962962963 0.0648437499999999
6 0.6013888888888889 0.1598958333333333 0.2675925925925925 0.071875
7 0.5217592592592593 0.6888020833333333 0.2064814814814815 0.1182291666666667
8 0.5173611111111112 0.4147135416666666 0.1347222222222222 0.0559895833333333
8 0.5356481481481481 0.513671875 0.1611111111111111 0.05703125
9 0.4324074074074074 0.216796875 0.0527777777777778 0.0304687499999999
5 0.8509259259259259 0.3890625 0.25555555555555554 0.1171875
5 0.6303240740740741 0.3325520833333333 0.18564814814814812 0.08854166666666657
5 0.3027777777777778 0.2838541666666667 0.23796296296296296 0.09166666666666667
5 0.2798611111111111 0.18541666666666656 0.15416666666666656 0.05624999999999988
5 0.2597222222222222 0.430078125 0.3027777777777777 0.17526041666666664
