3 0.5303240740740741 0.390234375 0.1087962962962963 0.0580729166666666
3 0.5293981481481481 0.4869791666666666 0.1208333333333332 0.0630208333333333
6 0.5986111111111111 0.15390625 0.2592592592592592 0.0697916666666666
7 0.525 0.6893229166666666 0.2240740740740741 0.1229166666666666
8 0.5180555555555555 0.4138020833333333 0.1435185185185185 0.0541666666666666
8 0.5296296296296297 0.509765625 0.149074074074074 0.05703125
9 0.4263888888888889 0.21640625 0.0472222222222222 0.0333333333333333
5 0.29212962962962963 0.1873697916666665 0.12592592592592583 0.0601562499999998
5 0.3125 0.280859375 0.275 0.09921874999999991
5 0.2747685185185185 0.4384114583333334 0.3013888888888888 0.1841145833333333
5 0.624074074074074 0.3364583333333333 0.18055555555555536 0.09270833333333317
5 0.6111111111111112 0.22031249999999997 0.1435185185185185 0.07291666666666649
5 0.8335648148148147 0.409375 0.21712962962962956 0.08854166666666663
