3 0.5259259259259259 0.3940104166666667 0.0962962962962962 0.0598958333333333
3 0.5381944444444444 0.4920572916666667 0.1069444444444444 0.0669270833333333
6 0.5953703703703703 0.1638020833333333 0.2907407407407407 0.0598958333333333
7 0.5217592592592593 0.686328125 0.2101851851851852 0.12890625
8 0.5189814814814815 0.41328125 0.1314814814814815 0.0552083333333333
8 0.5375 0.5170572916666667 0.1435185185185185 0.0580729166666666
9 0.4270833333333333 0.2169270833333333 0.0523148148148148 0.0385416666666666
5 0.2851851851851852 0.1889322916666666 0.1333333333333333 0.059114583333333304
5 0.3125 0.2774739583333333 0.27129629629629615 0.11015624999999998
5 0.2835648148148148 0.4359375 0.2939814814814815 0.18124999999999997
5 0.6303240740740741 0.3364583333333333 0.16805555555555562 0.08072916666666657
5 0.860648148148148 0.3920572916666667 0.26111111111111096 0.11901041666666662
5 0.625925925925926 0.2272135416666666 0.14907407407407403 0.0789062499999999
