3 0.5305555555555556 0.3936197916666666 0.1120370370370369 0.0570312499999999
3 0.5321759259259259 0.4904947916666666 0.1087962962962962 0.0638020833333332
6 0.6074074074074074 0.1583333333333333 0.262962962962963 0.0552083333333333
7 0.5206018518518518 0.6850260416666667 0.2013888888888889 0.1200520833333332
8 0.5252314814814815 0.4177083333333333 0.1402777777777777 0.0499999999999999
8 0.5337962962962963 0.51015625 0.1925925925925925 0.0541666666666666
9 0.4298611111111111 0.21640625 0.0541666666666666 0.0333333333333333
5 0.30625 0.280859375 0.2587962962962963 0.10546875
5 0.2722222222222222 0.44427083333333345 0.275 0.18385416666666676
5 0.6275462962962963 0.33359375 0.17361111111111116 0.08072916666666652
5 0.6099537037037037 0.2222656249999999 0.1347222222222222 0.06484374999999987
5 0.2949074074074074 0.1868489583333333 0.11388888888888893 0.059114583333333304
5 0.8527777777777776 0.4024739583333333 0.2555555555555554 0.09244791666666652
