4 0.5305555555555556 0.4910156249999999 0.1157407407407407 0.0611979166666666
6 0.4988425925925925 0.161328125 0.248611111111111 0.0768229166666666
7 0.5085648148148149 0.602734375 0.2050925925925926 0.1111979166666665
8 0.5321759259259259 0.4102864583333333 0.1439814814814814 0.0648437499999998
8 0.5391203703703704 0.5140625000000001 0.1578703703703703 0.0520833333333332
9 0.4305555555555556 0.21640625 0.0592592592592592 0.0432291666666666
10 0.2064814814814815 0.2606770833333333 0.1018518518518518 0.0411458333333332
10 0.71875 0.6061197916666667 0.1560185185185183 0.0945312499999998
5 0.8990740740740741 0.4290364583333333 0.17314814814814816 0.10807291666666663
5 0.2738425925925926 0.4393229166666667 0.28935185185185186 0.1880208333333333
