3 0.6967592592592593 0.4865885416666666 0.1157407407407408 0.0622395833333333
4 0.5347222222222222 0.4880208333333333 0.1138888888888888 0.0630208333333333
7 0.5120370370370371 0.60078125 0.2222222222222222 0.109375
8 0.5287037037037037 0.4123697916666666 0.1435185185185185 0.0669270833333333
8 0.53125 0.5106770833333334 0.1560185185185183 0.0510416666666666
9 0.4314814814814814 0.2169270833333333 0.0648148148148148 0.0385416666666666
10 0.2046296296296296 0.2596354166666667 0.0944444444444444 0.0374999999999998
10 0.7143518518518519 0.602734375 0.1611111111111111 0.0799479166666664
5 0.8219907407407407 0.30000000000000004 0.2643518518518517 0.12395833333333323
5 0.2722222222222222 0.4364583333333333 0.28888888888888886 0.18593749999999987
