3 0.80625 0.2907552083333333 0.1171296296296295 0.0638020833333333
4 0.53125 0.4890624999999999 0.1310185185185184 0.0651041666666666
6 0.4962962962962963 0.1598958333333333 0.2537037037037036 0.071875
7 0.5113425925925926 0.6002604166666667 0.2171296296296296 0.1182291666666667
8 0.5321759259259259 0.4098958333333333 0.1504629629629629 0.0640625
8 0.5331018518518518 0.512109375 0.1384259259259258 0.0580729166666666
9 0.4298611111111111 0.2154947916666666 0.0541666666666666 0.0393229166666666
10 0.2162037037037035 0.2591145833333333 0.096296296296296 0.0442708333333331
10 0.719675925925926 0.6050781249999999 0.1402777777777778 0.0846354166666666
5 0.8481481481481481 0.4123697916666666 0.275 0.1299479166666666
5 0.2729166666666667 0.4354166666666667 0.29768518518518516 0.18229166666666657
