3 0.8090277777777778 0.2932291666666666 0.1050925925925925 0.0609374999999999
4 0.5215277777777778 0.48515625 0.1013888888888888 0.0531249999999999
6 0.5085648148148147 0.159765625 0.2328703703703704 0.0736979166666666
7 0.5270833333333333 0.6071614583333333 0.199537037037037 0.1179687499999999
8 0.5305555555555556 0.409765625 0.1472222222222222 0.0679687499999999
8 0.5277777777777778 0.5102864583333333 0.1490740740740741 0.0502604166666666
9 0.4252314814814815 0.2197916666666666 0.0523148148148148 0.0343749999999999
10 0.7247685185185184 0.606640625 0.1467592592592591 0.08359375
10 0.2152777777777778 0.262109375 0.0768518518518518 0.0424479166666664
5 0.8490740740740741 0.4102864583333333 0.27314814814814803 0.12005208333333328
5 0.2710648148148148 0.4373697916666667 0.29768518518518516 0.18203125000000003
