3 0.6993055555555556 0.4899739583333333 0.124537037037037 0.0669270833333333
4 0.5277777777777778 0.487109375 0.1175925925925925 0.0570312499999999
6 0.7747685185185185 0.2268229166666666 0.1032407407407407 0.0817708333333333
7 0.5192129629629629 0.5992187499999999 0.2013888888888888 0.1161458333333332
8 0.5268518518518519 0.41484375 0.1435185185185185 0.0619791666666665
8 0.5349537037037038 0.5110677083333334 0.1699074074074074 0.0580729166666666
9 0.4324074074074074 0.219921875 0.0703703703703704 0.0403645833333332
10 0.186111111111111 0.2548177083333333 0.0472222222222221 0.0414062499999998
10 0.7159722222222222 0.604296875 0.1402777777777777 0.0747395833333334
5 0.2773148148148148 0.4384114583333333 0.3064814814814816 0.18203124999999987
5 0.6152777777777778 0.15442708333333333 0.2925925925925925 0.11614583333333331
